NODES
251

NODE PRIZES
0	74	7	96	69	6	69	23	49	17	1	6	23	30	48	4	20	63	45	28	35	57	49	6	70	76	94	28	86	26	8	32	34	96	39	76	66	31	40	47	31	50	66	74	6	75	77	94	57	24	41	3	18	58	69	34	54	80	26	61	84	64	74	22	3	44	99	17	72	17	99	34	77	8	64	8	6	66	34	24	21	35	17	28	39	93	7	2	51	61	60	18	2	72	16	43	57	65	56	60	95	61	68	29	82	24	30	90	86	41	69	37	71	42	55	66	61	38	38	52	73	58	56	72	37	91	19	21	53	64	73	17	82	55	1	50	91	38	82	49	14	94	29	20	8	66	41	23	65	87	34	12	8	57	36	26	7	46	56	88	42	61	77	83	85	18	57	2	72	56	41	46	4	41	14	81	63	82	3	71	24	62	10	25	60	76	86	18	22	35	71	85	47	82	92	55	55	97	7	45	16	25	23	17	39	92	10	93	80	74	32	64	74	8	68	27	53	98	9	59	89	87	95	91	63	73	53	50	30	48	31	86	87	90	2	3	45	31	34	94	82	41	40	73	80	66	66	58	45	71	36

NODE PENALTIES
1000000	112	655	685	154	458	150	685	631	639	71	627	635	200	99	693	217	213	16	491	580	155	455	123	582	696	216	208	446	390	428	439	406	189	619	730	628	366	441	710	732	357	487	322	630	356	364	584	379	630	203	18	55	724	398	643	223	583	736	186	490	655	17	540	35	36	111	42	275	405	180	164	609	739	121	216	533	125	548	436	598	230	213	503	222	457	505	610	14	8	711	648	161	269	186	261	63	462	511	18	535	307	104	680	344	143	485	388	55	685	491	159	490	463	379	517	458	442	404	490	276	5	428	388	559	650	168	663	420	7	448	272	424	314	241	636	344	421	658	660	72	189	421	95	655	92	49	690	750	257	637	421	584	617	640	401	642	726	127	103	99	21	581	638	68	558	548	698	279	213	407	536	364	385	396	21	215	84	100	251	299	523	256	313	20	380	232	686	434	357	716	691	172	13	673	223	466	163	728	96	589	555	534	187	598	612	20	731	191	655	118	12	131	487	564	505	585	424	191	368	578	95	65	479	149	264	289	207	455	353	228	169	270	442	735	292	533	453	116	94	128	319	31	372	557	413	444	174	516	710	7

TRAVEL COST MATRIX
0	926	300	52	431	516	285	648	938	981	197	895	111	315	970	448	250	621	950	761	143	920	534	323	631	986	297	554	123	620	741	458	228	595	278	363	461	933	173	876	117	961	333	112	780	76	741	813	861	884	476	392	142	684	275	227	842	631	872	857	252	192	443	197	506	994	712	361	473	95	870	204	647	460	318	264	744	394	850	444	732	154	941	898	359	627	184	906	382	808	871	734	325	897	770	614	430	243	883	621	554	771	874	540	388	438	313	344	975	615	96	506	294	666	623	468	412	178	182	377	370	114	584	692	755	695	376	95	254	67	917	63	226	195	826	124	681	560	498	294	166	967	835	269	790	181	603	623	927	353	923	813	231	986	274	739	992	356	635	666	500	862	817	194	349	217	732	914	901	724	687	907	686	868	234	221	206	782	65	760	196	458	985	685	212	507	513	584	690	144	834	993	516	367	995	893	895	778	428	506	76	589	819	962	937	610	909	851	973	147	345	846	863	523	291	772	236	568	264	565	348	468	705	236	387	469	217	641	348	318	497	367	434	760	632	677	208	242	594	739	861	569	574	542	307	766	683	401	138	163	701
926	0	98	396	263	930	830	537	969	719	605	945	791	982	747	729	497	390	775	768	479	698	77	750	335	265	285	433	846	696	533	495	164	65	828	293	737	84	680	475	877	356	299	377	766	605	79	115	998	221	403	246	531	525	431	238	861	987	941	260	764	547	970	274	579	897	921	718	677	678	720	399	664	216	662	812	612	911	936	514	235	704	656	64	144	584	552	498	347	937	120	494	441	549	878	290	164	868	109	756	934	475	667	846	320	305	168	312	562	819	313	609	597	494	319	217	356	736	547	784	531	992	518	136	329	474	502	267	321	732	713	97	460	319	199	585	528	299	537	728	247	950	425	200	779	598	923	376	250	510	884	954	159	908	78	666	606	566	784	396	278	301	911	828	88	759	821	63	219	118	642	210	405	568	176	838	686	331	647	465	763	356	538	997	499	147	192	593	700	852	525	106	260	356	879	490	501	429	199	808	240	813	763	72	142	164	639	556	369	661	726	847	758	92	543	490	422	733	129	532	592	796	821	150	533	408	320	247	496	685	362	908	288	572	811	417	647	262	498	544	451	678	942	527	304	607	839	601	62	313	631
300	98	0	874	401	866	269	463	694	685	242	956	316	907	659	617	766	300	283	989	370	58	217	790	867	936	970	651	830	845	50	932	927	437	467	197	417	457	779	496	239	756	744	970	669	683	412	699	652	158	515	952	248	608	737	304	886	828	595	156	953	907	135	380	884	914	904	627	996	521	368	624	79	324	261	353	86	974	96	808	603	366	891	54	102	312	919	284	763	461	928	590	860	564	480	201	887	362	528	72	620	861	774	399	533	566	103	527	900	558	200	545	191	435	418	512	932	825	182	732	717	396	638	544	718	895	618	323	783	58	819	978	102	889	667	616	318	906	511	67	768	933	601	238	376	274	159	978	686	340	279	616	698	503	745	753	441	475	634	463	476	536	758	59	968	445	789	941	575	103	609	884	398	635	471	491	846	989	882	977	265	338	617	548	812	566	357	250	361	589	710	496	143	597	923	631	690	486	93	271	58	772	879	738	277	608	817	867	346	292	953	351	999	309	50	204	116	694	413	848	299	146	225	160	387	445	406	415	949	151	214	649	617	149	928	708	842	241	111	641	207	301	514	368	911	468	449	239	88	412	704
52	396	874	0	660	778	692	376	400	890	713	719	729	339	403	663	963	480	477	303	183	374	181	75	112	390	479	541	532	63	955	710	355	631	439	925	191	938	479	163	374	802	978	773	385	511	959	928	73	264	259	869	521	581	963	937	828	72	611	228	579	455	314	936	683	595	143	704	115	402	348	959	669	675	866	688	286	354	304	125	127	130	340	416	343	934	473	930	88	475	333	752	483	583	165	639	428	519	538	586	420	399	67	613	365	824	380	848	646	363	770	666	539	889	174	834	50	897	160	544	246	907	671	990	455	368	377	799	972	532	177	190	364	948	447	467	519	797	465	511	122	380	651	624	263	113	987	391	202	228	747	476	84	955	989	846	458	781	242	667	376	640	909	76	866	726	872	101	150	955	725	316	566	943	209	818	214	774	715	489	287	917	761	384	257	335	710	127	921	122	819	717	108	917	326	843	163	743	710	814	69	923	211	792	718	895	775	766	920	662	960	190	515	911	56	547	398	631	770	761	497	370	176	417	672	663	968	302	118	79	946	405	709	550	357	923	572	897	873	598	666	496	577	65	984	306	754	960	619	70	343
431	263	401	660	0	544	184	885	462	295	606	379	927	735	610	816	713	873	486	924	515	547	703	768	310	919	817	55	662	168	311	227	159	389	159	970	284	619	977	286	641	996	85	197	589	948	583	263	172	709	536	964	609	994	630	552	945	365	733	678	722	204	945	657	961	745	377	353	737	197	69	178	138	521	570	816	107	963	484	980	328	458	496	933	692	522	964	275	427	71	933	869	781	545	845	494	727	875	431	128	400	161	608	851	95	244	266	833	234	74	710	900	284	750	708	650	551	422	595	938	115	351	259	509	819	431	575	214	568	182	237	955	653	850	559	295	701	345	120	232	610	904	583	869	470	370	260	847	474	223	292	926	640	614	717	365	421	253	556	314	691	236	915	461	530	969	327	244	125	447	179	187	980	711	448	190	289	835	926	375	393	85	220	435	669	499	538	883	768	821	474	759	743	116	845	654	435	174	860	501	917	968	568	618	911	721	884	328	689	957	92	458	138	195	668	431	837	78	323	153	812	596	434	683	689	539	900	680	68	303	211	581	863	395	821	866	406	281	722	921	573	520	295	715	840	703	86	346	698	436	232
516	930	866	778	544	0	633	304	378	206	891	530	653	289	217	889	377	229	360	804	978	692	621	864	230	252	348	519	161	885	868	310	379	659	989	826	868	843	650	846	65	423	889	460	754	83	673	843	89	661	781	483	360	395	362	356	299	161	119	80	954	714	377	125	296	66	986	159	246	510	266	124	871	406	401	179	814	824	80	167	980	978	450	676	280	551	764	112	588	892	854	882	270	70	646	677	221	123	642	476	600	381	790	453	950	604	972	146	648	495	463	198	619	753	254	536	884	686	747	690	275	843	836	871	860	728	188	110	196	107	378	69	494	483	491	565	352	398	626	876	529	415	186	271	727	464	223	739	803	321	297	576	615	923	316	490	956	802	71	100	828	234	735	690	158	129	85	300	660	554	386	573	847	223	345	744	490	221	553	577	929	540	862	541	581	332	660	703	983	63	900	396	104	139	57	562	641	702	483	519	92	965	493	501	213	60	344	63	751	690	264	498	79	429	635	437	854	86	537	727	566	733	786	276	805	699	571	632	94	322	289	760	496	94	295	352	871	236	671	833	966	213	352	783	452	285	934	959	461	356	973
285	830	269	692	184	633	0	265	481	206	694	51	593	535	396	520	109	613	568	218	143	592	880	862	394	868	428	530	306	269	561	762	466	582	551	102	691	488	127	812	620	803	374	113	713	485	519	394	316	954	942	702	399	94	881	356	795	131	805	676	198	631	980	681	77	352	361	458	670	872	317	521	758	701	258	537	437	568	730	574	837	638	831	881	800	872	559	994	56	371	780	903	508	565	675	692	639	390	934	777	705	413	904	877	702	566	310	292	413	958	75	576	664	580	264	913	74	136	892	790	69	612	711	54	165	907	697	901	513	646	360	931	847	506	746	267	333	614	117	589	337	617	903	245	849	626	848	885	853	563	737	391	492	394	214	214	164	275	395	379	649	719	55	664	66	221	739	604	688	915	340	175	874	141	394	485	57	461	743	359	660	870	290	541	120	436	544	389	640	500	186	672	480	895	889	642	709	787	556	764	818	928	961	763	340	600	829	185	442	337	603	127	211	880	782	97	356	999	253	77	77	267	161	250	364	628	920	589	711	808	928	697	863	621	541	66	972	499	74	129	525	714	350	329	84	994	273	278	956	651	603
648	537	463	376	885	304	265	0	856	371	322	916	736	399	366	558	617	444	610	510	785	98	752	202	719	163	156	197	178	89	845	687	950	228	675	234	493	103	989	767	643	69	513	305	280	82	79	438	889	550	445	346	100	351	68	662	275	335	931	318	826	535	798	330	288	950	901	789	649	710	702	635	914	926	603	82	919	81	186	709	822	754	547	345	474	971	800	812	261	186	72	107	999	184	595	707	334	638	650	572	378	424	704	536	131	622	469	759	867	836	945	410	260	196	424	360	258	715	837	254	80	429	223	59	997	621	62	62	163	869	286	220	384	108	655	331	399	831	606	315	278	567	185	587	715	306	386	488	201	952	324	313	410	752	185	917	915	675	996	110	800	628	111	977	712	669	977	799	795	623	451	889	649	202	324	620	517	65	900	139	948	918	658	578	294	761	477	334	682	980	210	890	515	91	378	480	743	507	570	833	333	133	356	759	202	77	856	905	566	837	184	932	438	845	219	591	723	953	795	285	966	301	103	69	958	941	470	844	606	732	987	537	955	652	772	360	868	532	909	737	348	72	744	459	829	773	822	73	259	828	872
938	969	694	400	462	378	481	856	0	716	832	473	206	529	236	750	472	808	397	177	773	560	398	453	479	896	812	353	356	592	927	58	198	756	392	52	967	844	961	325	324	734	545	68	153	507	645	80	508	603	652	882	433	215	764	904	789	362	447	875	231	142	650	876	920	541	736	461	471	692	356	608	238	446	452	821	344	325	948	437	552	462	318	714	59	311	454	166	105	622	913	564	287	289	430	801	712	713	470	893	220	757	822	76	256	347	237	319	570	271	723	251	504	106	87	394	427	961	555	212	995	138	769	332	201	240	156	426	877	131	349	952	699	506	351	141	690	248	643	713	318	283	557	799	488	652	941	852	92	446	224	968	281	976	304	344	713	963	608	280	538	962	233	629	942	222	183	529	428	879	831	194	852	635	168	460	734	648	166	491	327	210	57	461	297	266	519	597	588	954	667	803	713	74	69	85	480	591	753	884	284	593	164	941	718	157	842	78	961	123	546	930	732	110	459	838	173	55	900	194	451	91	343	703	439	534	865	613	81	258	450	132	333	879	902	355	912	94	768	769	561	93	588	211	834	847	938	146	574	164	488
981	719	685	890	295	206	206	371	716	0	53	52	913	204	820	899	284	229	440	761	725	716	465	235	815	707	779	292	196	966	666	515	96	199	877	776	481	914	749	163	194	764	91	905	681	623	251	63	707	927	137	978	487	340	825	201	499	784	473	541	206	807	523	312	691	132	858	425	529	840	871	462	427	678	182	400	702	90	289	709	753	689	447	383	891	625	309	468	867	626	759	232	89	909	99	188	967	447	937	656	890	545	667	388	997	923	641	750	203	529	257	651	229	765	393	874	672	556	839	339	614	756	984	988	723	578	884	344	61	431	446	283	207	779	342	185	268	557	65	575	335	420	846	230	766	65	445	672	224	284	501	863	394	782	702	92	375	942	699	625	339	175	326	694	754	510	530	769	568	578	103	512	704	790	179	579	181	784	960	241	463	303	942	578	312	810	926	240	671	531	595	698	430	136	153	214	242	727	512	498	424	852	312	376	103	296	383	147	745	420	467	723	227	154	769	654	925	331	452	523	382	515	714	297	127	414	701	147	555	989	411	750	117	280	682	427	828	83	812	916	293	674	443	83	302	458	441	104	449	408	474
197	605	242	713	606	891	694	322	832	53	0	401	230	479	280	577	69	495	294	686	931	320	159	359	284	444	418	230	858	894	875	210	912	339	304	282	900	792	603	157	357	977	650	595	892	442	786	538	592	984	374	173	580	539	765	622	358	839	496	342	50	713	616	107	932	698	226	250	62	530	225	453	411	862	108	297	307	323	718	336	814	479	423	708	180	353	625	550	978	737	837	832	799	310	397	999	735	488	469	738	821	885	895	425	426	458	406	81	172	237	430	704	439	611	992	587	489	558	783	67	637	818	454	564	260	54	606	848	350	937	240	926	518	739	850	964	977	310	644	485	750	923	374	424	295	333	865	377	957	95	327	650	958	170	650	102	839	281	697	528	426	825	803	124	766	908	650	609	457	543	168	689	115	493	107	231	990	343	938	225	656	545	927	955	955	717	778	722	562	236	529	438	944	969	234	782	148	970	163	870	123	169	334	696	901	827	910	994	170	864	823	472	547	84	337	285	358	120	818	724	168	167	589	356	461	595	142	167	971	809	371	730	918	672	592	881	464	360	989	821	89	141	875	797	63	596	842	342	534	186	529
895	945	956	719	379	530	51	916	473	52	401	0	579	332	711	784	851	239	749	822	682	674	916	592	461	613	271	522	541	160	332	654	788	468	711	722	254	782	907	444	716	803	108	690	185	784	333	67	555	111	400	251	804	540	962	370	704	537	323	126	180	874	453	426	680	861	431	132	970	524	88	138	502	835	961	286	979	433	516	691	525	745	625	528	54	843	102	628	738	404	162	243	563	814	782	889	647	518	609	750	875	556	605	568	197	797	998	448	857	402	423	75	738	419	622	156	300	212	983	870	759	927	601	296	899	405	449	136	995	189	560	282	956	636	991	592	256	95	157	524	853	986	203	93	554	417	577	816	771	749	683	188	732	539	120	395	565	207	982	540	670	790	628	763	274	272	848	65	77	457	145	640	416	500	329	111	576	51	979	824	441	918	549	776	338	521	968	70	928	547	322	245	79	586	835	537	743	229	169	242	775	351	863	353	74	637	302	902	742	250	216	905	65	85	99	286	784	64	171	435	721	821	850	476	214	953	404	312	553	305	869	389	722	354	832	84	654	541	617	220	368	776	386	419	824	606	119	848	910	945	660
111	791	316	729	927	653	593	736	206	913	230	579	0	287	593	991	911	690	798	339	193	400	504	355	898	520	620	334	201	977	335	771	209	347	253	848	202	557	523	234	806	113	575	143	59	639	556	195	362	810	356	75	206	245	655	532	440	484	609	370	311	494	920	967	927	489	64	123	738	516	626	859	607	979	561	433	586	995	394	795	353	248	576	968	400	649	144	855	99	176	341	832	176	136	382	559	815	334	875	487	851	686	195	394	154	938	473	206	256	653	801	849	355	711	423	798	446	121	480	556	652	947	412	396	432	991	116	628	498	537	166	233	842	910	427	687	979	122	655	962	204	889	367	744	100	558	656	409	467	421	817	869	53	529	665	955	618	343	451	756	667	479	462	952	60	763	81	184	453	853	929	793	317	711	156	929	735	136	731	936	768	457	773	298	474	859	902	987	923	974	90	583	902	824	285	532	689	999	209	875	530	266	856	379	928	876	343	295	415	334	591	437	618	574	386	746	865	810	753	747	816	609	969	292	322	854	120	339	712	702	880	417	905	795	162	60	590	666	832	788	426	597	318	789	635	907	662	694	230	946	812
315	982	907	339	735	289	535	399	529	204	479	332	287	0	61	955	707	126	929	249	596	737	699	96	835	677	403	482	937	542	995	655	196	670	849	67	421	724	283	917	147	645	324	988	613	664	825	946	946	690	237	113	626	814	200	315	250	460	378	703	445	763	269	843	214	825	931	575	188	725	363	407	968	443	211	364	362	361	607	210	336	767	163	103	206	108	406	550	860	428	615	909	642	920	398	829	730	171	531	601	444	247	737	578	103	850	915	109	502	286	575	55	543	53	654	481	393	264	631	946	420	125	457	209	71	208	114	301	779	81	339	287	264	388	305	798	917	566	551	498	991	347	772	981	765	285	698	79	99	176	962	173	543	881	492	686	316	663	829	850	962	187	268	344	101	584	383	836	910	283	987	784	685	567	684	990	592	278	716	828	351	271	945	437	271	662	810	480	208	553	469	589	821	626	718	457	649	637	888	440	907	853	860	436	68	57	892	189	713	55	742	886	59	365	833	667	803	939	570	349	679	739	391	473	906	408	62	321	204	303	912	347	792	346	963	457	655	542	537	109	119	112	212	891	667	258	648	717	516	330	406
970	747	659	403	610	217	396	366	236	820	280	711	593	61	0	434	591	559	314	61	427	466	391	539	600	924	175	77	870	253	926	291	393	973	286	561	394	785	595	141	422	159	750	696	261	306	691	993	987	75	177	512	677	858	601	672	776	186	795	535	593	84	336	935	106	649	439	167	243	126	433	729	504	912	533	85	383	747	889	739	297	132	898	616	356	384	497	305	563	974	56	961	491	681	645	211	458	803	804	566	890	972	793	602	85	212	722	394	248	214	394	864	931	90	985	117	932	406	264	966	473	212	655	151	82	823	524	803	623	407	578	103	861	302	809	259	55	803	907	86	542	906	694	63	980	877	486	917	932	207	853	144	901	194	929	382	369	520	772	855	482	170	894	656	213	399	903	302	418	986	619	992	547	986	281	620	279	721	380	588	886	574	310	83	488	264	143	705	528	204	551	652	418	487	951	878	66	616	271	207	955	691	164	434	971	253	671	720	621	269	747	293	685	67	167	178	202	843	58	201	586	218	518	685	708	439	525	325	556	170	141	155	373	401	915	334	77	74	700	873	885	892	466	182	183	238	253	143	330	920	388
448	729	617	663	816	889	520	558	750	899	577	784	991	955	434	0	774	79	816	286	324	116	839	231	998	623	766	677	998	865	53	760	647	85	85	292	805	793	747	796	203	131	179	721	828	409	905	109	426	399	665	775	963	542	478	667	117	318	456	689	109	271	917	464	906	472	529	801	469	748	379	849	85	455	130	952	143	579	162	632	171	926	977	87	344	298	189	775	249	614	528	943	938	989	402	414	870	456	592	285	371	115	736	279	96	602	974	358	933	766	934	96	975	182	114	907	745	832	818	585	834	225	102	598	669	280	778	420	93	512	799	447	427	309	129	707	283	707	102	975	296	317	764	476	613	938	535	911	952	106	583	199	725	116	567	986	374	847	930	53	522	483	617	738	495	298	418	212	848	892	733	798	466	134	296	459	502	488	738	188	594	224	183	221	430	252	76	494	181	989	739	465	349	830	278	390	816	803	786	134	580	381	877	631	417	906	846	536	825	348	421	441	343	517	211	267	399	267	924	86	271	85	806	986	656	884	124	66	400	543	937	196	402	211	854	341	689	917	882	982	102	342	597	926	99	490	941	943	336	863	741
250	497	766	963	713	377	109	617	472	284	69	851	911	707	591	774	0	427	953	717	929	866	809	240	111	721	891	813	439	294	773	409	915	317	104	573	727	836	628	513	549	513	320	644	287	253	210	117	437	169	118	493	274	860	406	766	504	676	65	301	743	745	108	920	634	73	675	906	163	692	78	551	594	494	735	383	335	473	739	534	535	526	217	877	866	244	133	986	860	192	209	212	304	381	318	508	412	127	955	996	265	412	72	653	143	311	663	989	213	646	760	819	453	258	385	908	102	133	845	964	585	960	194	669	330	869	943	948	380	718	712	424	134	559	144	555	787	428	856	71	962	949	793	319	766	275	308	241	347	727	700	57	748	965	250	280	496	542	281	669	836	665	481	535	825	673	842	568	143	649	147	263	243	216	660	53	168	958	842	315	957	792	573	479	860	935	882	256	119	926	409	844	482	310	232	421	733	712	491	377	914	381	825	689	90	930	208	231	562	613	777	164	621	124	460	649	698	583	228	253	550	528	602	546	422	342	794	957	594	982	187	100	190	421	224	454	566	959	407	157	995	559	748	690	171	508	844	795	104	398	345
621	390	300	480	873	229	613	444	808	229	495	239	690	126	559	79	427	0	466	161	139	801	99	321	749	771	247	640	863	184	689	777	538	565	890	211	441	710	546	881	361	596	210	161	677	536	363	949	322	330	869	986	706	970	93	163	886	450	702	975	472	88	805	590	56	437	510	325	649	994	236	462	846	808	949	384	391	413	293	651	573	339	818	616	319	608	892	600	833	257	642	85	935	887	287	228	69	944	445	357	436	510	103	80	540	770	340	640	629	547	364	488	486	395	568	286	684	660	664	417	944	392	103	937	333	992	991	755	529	947	443	644	940	947	819	839	627	748	252	92	785	628	367	706	283	622	796	810	249	682	645	75	983	274	596	358	373	703	914	855	959	469	295	807	998	609	491	770	694	444	927	148	292	555	491	51	370	991	488	218	413	323	212	902	413	643	204	264	352	691	176	977	575	82	918	240	882	297	929	134	954	73	305	285	247	521	237	456	849	582	825	974	509	958	197	415	697	125	733	73	351	153	950	504	789	565	413	195	887	273	931	517	804	367	224	242	814	248	967	686	827	218	970	653	983	701	424	925	821	660	719
950	775	283	477	486	360	568	610	397	440	294	749	798	929	314	816	953	466	0	445	345	499	265	913	775	539	934	869	526	711	489	576	259	151	795	356	696	956	934	385	566	878	92	203	211	844	525	308	393	319	270	910	175	274	407	92	556	437	563	82	226	708	714	119	379	314	919	53	961	853	954	355	719	567	111	760	826	674	252	274	256	118	202	436	447	524	726	326	980	603	833	113	286	737	474	796	165	768	456	442	663	766	686	89	811	710	899	506	50	889	998	980	882	521	116	190	438	501	75	809	634	733	865	231	390	191	598	281	906	536	108	772	698	846	871	493	856	257	849	383	517	308	923	705	941	596	816	881	216	726	797	360	616	657	706	370	93	225	383	158	913	939	250	333	315	250	430	184	849	879	863	694	455	253	159	550	262	645	857	584	84	325	456	389	214	701	420	461	573	497	623	880	237	188	442	858	120	320	919	656	100	812	408	87	545	380	132	808	293	107	109	740	362	769	492	979	438	961	115	886	560	936	302	734	546	159	762	747	868	498	97	337	94	52	437	514	311	567	705	517	940	319	325	62	417	475	184	808	932	980	372
761	768	989	303	924	804	218	510	177	761	686	822	339	249	61	286	717	161	445	0	472	986	885	647	483	515	76	724	351	265	943	637	870	737	215	544	488	366	716	561	508	211	955	379	593	91	444	921	760	692	753	997	494	104	56	480	55	249	956	884	749	580	90	329	922	519	374	714	363	962	504	644	486	281	478	846	755	227	145	208	555	804	182	446	768	774	591	54	850	231	368	324	166	207	364	355	648	983	660	541	897	824	489	776	476	380	274	329	533	504	888	869	162	987	108	269	794	973	679	916	978	799	894	309	85	156	683	377	223	931	576	240	217	687	529	543	436	635	391	771	83	329	585	654	957	466	189	529	745	216	352	252	144	293	601	794	282	738	255	762	196	770	296	445	238	787	859	928	358	657	473	146	393	617	209	734	961	708	226	747	318	519	702	453	323	449	889	382	603	745	180	631	642	878	387	402	873	878	423	849	787	81	428	160	382	521	386	497	430	549	449	805	580	189	570	508	457	558	975	177	303	880	405	599	829	503	513	63	919	186	249	572	761	639	613	149	513	250	849	513	739	79	807	506	670	324	367	930	149	563	488
143	479	370	183	515	978	143	785	773	725	931	682	193	596	427	324	929	139	345	472	0	900	601	345	515	869	642	764	356	202	165	323	497	660	78	432	952	676	389	252	688	541	965	849	219	957	707	368	84	383	471	129	346	246	314	648	701	223	643	664	282	136	915	598	749	157	174	778	866	419	998	664	316	809	793	709	558	673	215	81	561	559	71	687	757	401	970	469	568	816	645	464	718	304	502	518	962	824	685	835	436	646	345	921	581	608	772	481	903	705	774	419	575	208	332	464	567	969	320	133	736	908	900	894	923	617	522	80	733	644	138	466	941	702	935	713	621	714	966	452	571	572	307	101	600	311	212	157	420	681	912	990	477	801	874	92	748	110	922	806	611	713	822	592	595	845	292	351	626	969	423	66	211	672	127	190	658	632	757	50	57	758	200	797	433	861	121	121	112	331	455	450	211	755	988	757	526	759	851	869	728	641	467	659	114	294	500	145	586	719	320	312	411	839	710	288	978	284	613	820	830	484	226	422	64	946	891	192	987	491	90	186	430	358	538	663	201	992	546	779	530	977	918	934	279	831	489	585	169	664	434
920	698	58	374	547	692	592	98	560	716	320	674	400	737	466	116	866	801	499	986	900	0	469	988	136	236	834	863	988	715	218	954	167	878	677	925	595	818	813	963	803	280	551	999	709	943	822	502	715	422	794	866	825	489	656	895	489	667	124	994	891	756	584	886	733	481	629	81	910	981	541	275	180	143	212	257	897	617	823	702	878	453	245	814	855	796	481	334	997	752	721	156	743	661	159	327	783	152	699	595	106	176	530	972	459	722	164	614	542	853	846	82	207	833	300	130	60	945	609	578	938	550	751	668	936	862	105	635	130	772	856	844	277	524	874	446	809	646	126	432	807	633	993	746	956	712	647	990	233	476	668	534	422	345	192	557	975	793	962	298	726	227	793	71	209	776	160	773	935	128	621	891	137	425	721	75	900	145	779	370	448	934	216	372	524	559	117	196	465	51	187	712	455	116	420	216	166	956	603	273	242	373	213	457	983	314	852	276	486	942	765	762	186	139	323	591	71	188	162	669	279	842	316	519	745	766	314	675	113	274	665	356	274	493	924	759	619	863	419	814	215	418	76	285	208	110	956	948	790	704	740
534	77	217	181	703	621	880	752	398	465	159	916	504	699	391	839	809	99	265	885	601	469	0	486	862	800	788	437	710	306	358	102	861	979	457	285	571	469	372	495	611	614	476	627	416	256	249	407	56	330	229	128	687	219	97	130	313	434	135	291	224	117	989	715	630	677	678	483	382	754	279	350	792	927	692	770	649	991	364	404	770	566	897	780	97	111	178	387	383	107	775	792	291	717	780	692	810	466	953	431	871	272	261	656	527	858	242	727	584	728	295	287	644	838	532	960	62	128	366	725	577	292	872	800	135	531	997	342	731	285	91	723	882	738	388	484	241	506	817	783	910	294	690	346	605	421	622	424	307	318	326	438	220	669	728	567	308	721	649	712	198	78	674	991	504	574	263	496	295	64	85	293	79	93	309	999	469	359	659	768	247	710	175	974	772	322	808	671	662	139	295	895	516	791	141	793	809	733	494	114	116	540	112	393	325	216	699	421	791	168	956	450	795	775	874	435	961	661	142	753	616	747	940	578	205	741	698	700	837	78	879	489	171	468	492	163	544	517	980	956	649	423	508	903	307	573	337	973	284	410	848
323	750	790	75	768	864	862	202	453	235	359	592	355	96	539	231	240	321	913	647	345	988	486	0	371	125	667	135	977	58	804	220	225	318	375	137	474	546	774	860	874	842	902	904	879	187	185	458	919	566	93	195	324	800	811	469	957	336	53	378	120	497	920	966	154	655	498	942	186	895	373	632	982	921	101	481	613	576	788	93	296	630	382	182	254	642	387	920	523	308	317	768	454	701	340	69	349	63	162	697	942	302	573	290	271	473	719	186	582	110	900	639	483	945	265	280	632	765	892	801	726	562	144	180	232	510	150	816	935	416	474	665	130	117	631	218	446	368	715	448	374	309	608	669	277	940	212	67	189	930	831	580	294	259	506	845	853	783	866	376	811	274	280	755	220	222	802	834	216	958	350	861	856	167	262	188	322	861	514	436	139	252	69	903	602	989	172	738	265	824	897	145	237	173	166	886	537	848	265	298	549	235	932	286	455	132	293	95	563	735	896	291	410	557	968	77	359	487	216	565	900	772	168	979	863	711	174	960	837	594	577	466	740	810	914	899	617	657	910	343	521	139	794	220	970	298	972	65	364	255	162
631	335	867	112	310	230	394	719	479	815	284	461	898	835	600	998	111	749	775	483	515	136	862	371	0	782	261	381	209	68	193	387	752	102	187	548	395	734	195	60	896	197	768	804	831	411	550	648	905	596	273	602	818	551	985	735	257	588	919	257	629	337	297	565	933	502	573	871	968	489	604	510	666	989	391	381	445	189	978	667	690	859	690	288	975	147	178	224	163	423	734	851	610	63	855	84	66	396	531	165	831	704	760	837	459	741	448	95	889	750	337	371	111	805	589	93	752	991	710	800	70	118	358	305	367	380	667	848	783	106	911	287	912	85	76	476	570	136	735	145	783	971	216	723	440	744	177	744	930	583	481	473	510	180	636	53	311	347	570	634	540	405	963	474	437	243	865	70	172	625	321	765	603	802	802	695	567	141	576	967	476	242	103	793	540	995	210	179	338	678	751	809	81	985	628	798	802	188	792	591	132	529	964	313	978	920	322	303	371	202	198	835	434	92	761	783	374	407	178	530	745	136	388	229	505	263	891	209	383	415	498	644	445	132	692	427	698	835	735	613	858	344	727	727	926	424	232	142	440	899	473
986	265	936	390	919	252	868	163	896	707	444	613	520	677	924	623	721	771	539	515	869	236	800	125	782	0	463	954	929	912	612	837	504	106	741	107	924	331	758	871	773	265	81	356	294	138	152	69	670	405	927	593	366	994	471	330	545	587	216	825	72	137	377	691	632	192	329	193	256	88	885	618	914	72	645	441	130	288	837	745	436	462	962	870	130	716	965	671	203	979	190	546	562	929	110	105	386	656	979	172	121	457	186	331	857	827	896	700	974	355	344	550	167	115	466	69	479	423	966	883	91	458	240	58	927	274	357	898	329	161	984	302	149	92	696	330	381	951	481	369	660	427	426	638	229	529	508	797	833	55	140	333	813	615	928	105	197	454	429	278	810	815	446	195	58	492	179	143	168	278	520	726	523	208	974	761	716	392	874	861	216	273	472	198	448	59	412	684	831	741	588	560	800	463	317	782	194	124	609	818	728	257	483	71	943	926	359	304	887	920	323	298	433	991	405	623	934	202	626	680	132	412	503	879	246	549	546	936	239	123	260	844	837	682	287	79	414	956	922	170	303	51	241	960	962	695	418	527	94	677	198
297	285	970	479	817	348	428	156	812	779	418	271	620	403	175	766	891	247	934	76	642	834	788	667	261	463	0	944	251	516	155	865	267	832	238	644	878	535	546	982	677	594	249	942	754	547	292	351	164	806	727	180	843	174	407	72	952	322	562	520	132	392	941	963	621	155	753	906	703	228	755	936	875	794	861	904	735	335	202	501	351	322	500	982	242	398	452	953	491	252	955	72	297	375	602	731	746	737	296	928	50	303	109	591	938	323	513	889	807	626	826	814	181	975	198	644	542	417	873	184	505	678	979	140	401	83	542	515	662	127	118	607	521	503	901	150	698	892	175	469	394	761	358	356	733	83	860	126	726	513	549	97	114	746	929	257	769	211	621	738	95	86	872	909	603	752	637	103	713	532	795	320	304	491	387	456	386	869	239	232	866	253	136	557	943	290	741	492	651	760	697	859	986	460	333	826	896	873	307	779	300	468	449	184	881	443	657	876	563	678	281	541	981	64	155	250	883	798	639	974	221	548	193	785	476	628	558	985	155	152	854	923	388	863	507	675	210	107	396	841	89	136	492	435	906	950	562	665	112	998	729
554	433	651	541	55	519	530	197	353	292	230	522	334	482	77	677	813	640	869	724	764	863	437	135	381	954	944	0	429	266	769	979	922	634	839	806	318	344	788	107	848	243	744	405	200	607	452	499	859	229	925	695	152	170	130	374	793	119	747	188	818	174	163	936	496	896	678	739	881	727	273	731	205	623	699	64	103	902	243	181	81	154	826	541	639	304	199	689	536	93	526	232	844	153	629	139	384	433	834	537	485	689	226	658	609	894	717	643	337	444	860	220	653	134	973	819	128	114	270	188	865	161	250	391	591	215	686	717	367	312	118	491	988	677	530	505	586	209	314	125	790	90	779	561	72	589	980	230	460	387	256	198	453	365	680	799	412	782	289	903	964	318	757	820	753	256	445	556	992	272	131	951	717	413	443	54	156	88	135	576	849	922	117	938	921	710	588	894	507	600	711	699	347	632	505	552	289	941	84	465	206	799	501	890	666	683	824	604	697	213	74	139	224	280	924	606	351	208	420	116	118	451	607	936	59	132	817	200	116	71	419	374	322	497	663	988	349	150	699	64	563	635	74	336	732	408	864	499	653	737	394
123	846	830	532	662	161	306	178	356	196	858	541	201	937	870	998	439	863	526	351	356	988	710	977	209	929	251	429	0	95	263	741	607	658	754	473	143	287	754	452	777	248	947	701	978	989	188	820	853	684	396	410	308	289	561	401	547	670	187	871	65	542	115	141	755	246	468	245	620	155	165	925	806	217	738	618	170	523	413	650	490	525	503	78	996	672	877	227	370	325	187	689	61	162	479	487	212	163	742	675	385	725	983	146	568	823	319	638	878	627	741	745	989	879	914	977	817	382	466	473	555	578	390	170	697	841	272	224	326	340	192	413	384	431	797	304	613	606	458	213	94	251	551	177	850	931	223	680	957	714	502	53	969	152	901	100	982	836	106	971	328	682	94	872	341	292	706	821	752	310	741	783	147	419	112	932	727	831	702	426	949	751	178	689	893	707	316	744	998	287	170	887	361	765	811	887	913	367	652	980	617	789	531	800	327	469	899	636	935	407	430	916	798	872	137	858	721	614	319	700	751	408	125	402	241	683	930	193	894	213	469	235	442	88	288	823	918	334	960	224	923	490	733	72	149	271	937	462	93	813	150
620	696	845	63	168	885	269	89	592	966	894	160	977	542	253	865	294	184	711	265	202	715	306	58	68	912	516	266	95	0	817	680	637	212	543	826	605	286	978	975	420	716	430	804	390	382	546	799	844	565	718	614	264	132	206	778	231	150	973	972	266	654	525	167	636	306	674	634	414	289	125	305	882	433	874	56	166	515	760	372	985	442	443	81	67	271	136	407	376	916	564	153	494	241	535	535	111	196	962	233	394	918	341	272	236	711	440	997	972	420	80	135	908	741	767	888	896	908	352	986	678	145	928	738	505	264	484	799	278	577	744	65	447	916	569	954	920	74	898	796	643	434	689	593	116	739	930	710	557	960	659	604	963	859	551	114	698	454	464	693	290	246	706	975	759	116	399	440	931	157	766	419	887	734	498	665	544	126	130	647	321	712	131	732	816	496	970	71	693	343	92	95	927	294	639	783	825	762	630	314	702	303	785	809	166	438	246	59	348	191	586	221	494	792	225	714	839	708	152	713	630	232	280	467	138	442	65	291	616	983	141	632	501	736	100	917	296	287	480	95	858	848	415	381	457	359	886	685	572	934	341
741	533	50	955	311	868	561	845	927	666	875	332	335	995	926	53	773	689	489	943	165	218	358	804	193	612	155	769	263	817	0	997	328	295	205	402	86	606	959	629	447	472	255	537	446	514	834	682	916	251	979	645	192	895	673	820	690	336	550	772	521	904	970	583	880	58	394	800	648	982	155	974	814	730	189	474	624	439	69	345	366	433	559	915	967	907	517	235	793	569	391	115	872	194	569	831	155	379	934	999	613	340	416	375	497	132	716	99	769	279	961	301	299	932	99	684	623	259	408	65	363	556	799	562	845	187	375	300	103	440	575	964	999	126	912	312	946	552	649	196	823	449	309	786	938	280	981	416	818	767	915	174	582	361	496	489	876	345	365	666	579	444	822	885	640	818	898	170	355	247	351	400	367	752	670	804	365	746	305	398	208	866	970	809	973	732	128	126	818	859	537	233	104	124	217	435	564	365	370	720	253	81	728	768	778	231	801	743	280	645	914	279	727	354	304	818	244	217	155	649	919	400	708	349	955	639	389	461	575	214	65	108	616	666	225	206	94	418	711	567	816	89	398	458	816	501	317	384	298	749	894
458	495	932	710	227	310	762	687	58	515	210	654	771	655	291	760	409	777	576	637	323	954	102	220	387	837	865	979	741	680	997	0	904	313	585	487	102	545	61	89	569	739	84	224	131	210	822	478	560	220	109	808	515	290	400	236	197	291	502	685	254	550	684	845	828	954	449	431	744	517	688	217	942	451	482	529	981	976	394	460	768	64	934	280	885	325	177	450	558	276	697	158	140	93	90	127	730	338	386	922	399	863	867	922	699	252	703	751	178	81	821	487	112	749	956	688	945	706	614	540	638	647	492	191	892	629	689	947	736	475	174	119	250	449	286	604	621	190	205	782	459	993	366	370	928	703	893	723	566	594	218	984	950	819	147	504	121	136	245	759	90	65	914	149	274	578	674	104	126	399	186	570	939	492	219	526	132	167	550	890	875	189	249	969	856	520	344	215	679	775	932	926	285	627	727	270	837	676	908	885	878	518	161	129	374	102	664	116	422	847	198	121	336	360	323	714	259	750	965	169	913	787	617	114	842	402	882	191	813	562	683	427	557	187	942	771	742	328	228	596	325	316	605	52	572	537	493	397	681	548	947
228	164	927	355	159	379	466	950	198	96	912	788	209	196	393	647	915	538	259	870	497	167	861	225	752	504	267	922	607	637	328	904	0	119	498	619	347	282	690	781	182	825	95	227	521	583	180	686	411	181	103	224	986	722	857	319	629	272	947	172	568	633	412	441	751	253	410	589	828	597	363	522	484	977	219	483	550	454	613	744	410	789	486	785	523	972	497	498	964	148	152	301	956	137	666	630	929	464	233	694	64	797	777	674	139	157	110	396	859	404	169	560	420	466	118	951	347	582	589	275	980	924	547	875	798	58	118	852	883	191	433	294	425	776	369	788	151	828	654	937	890	200	513	519	603	633	270	885	409	657	241	598	852	865	420	786	462	949	538	228	905	575	471	457	407	332	439	851	899	91	268	247	580	331	359	221	554	857	990	544	685	646	767	522	233	694	998	586	955	203	858	524	371	438	957	697	429	618	873	157	155	126	996	640	227	155	488	159	51	197	222	906	596	301	829	990	97	309	317	871	507	768	786	647	776	354	883	734	714	894	230	508	928	470	294	907	507	342	479	90	768	418	902	565	569	990	989	572	471	527	360
595	65	437	631	389	659	582	228	756	199	339	468	347	670	973	85	317	565	151	737	660	878	979	318	102	106	832	634	658	212	295	313	119	0	628	989	51	522	59	306	413	107	910	722	948	572	936	566	978	776	459	464	438	770	740	806	932	486	783	307	102	773	915	558	656	622	819	154	541	68	921	293	345	987	659	916	415	914	259	610	283	866	264	832	900	681	115	628	894	227	955	117	994	956	91	169	743	416	247	435	520	854	670	696	142	333	699	880	158	297	948	78	807	874	234	254	481	77	794	688	600	83	942	167	412	950	323	113	905	174	147	461	585	268	708	605	934	594	875	586	757	671	898	330	461	59	344	81	182	160	841	268	111	604	460	697	671	757	139	387	198	411	709	363	934	741	468	574	327	760	429	316	186	794	254	465	71	561	499	517	749	588	780	531	391	591	860	921	65	166	612	803	111	616	875	666	720	65	930	234	546	304	625	742	461	993	167	479	504	333	370	562	909	356	748	68	89	825	491	684	994	947	290	843	544	985	896	860	719	297	628	887	842	381	490	999	929	472	161	950	526	977	728	340	83	616	548	345	665	141	812
278	828	467	439	159	989	551	675	392	877	304	711	253	849	286	85	104	890	795	215	78	677	457	375	187	741	238	839	754	543	205	585	498	628	0	826	144	633	410	982	482	747	566	803	734	613	828	381	421	920	294	371	578	186	233	433	944	355	60	885	336	431	630	494	780	342	940	866	61	876	720	394	72	58	469	58	988	748	526	707	788	200	891	494	271	468	939	390	696	338	228	546	933	435	757	513	367	508	351	243	210	651	388	828	845	914	303	293	127	350	807	724	907	82	560	884	915	956	137	373	197	877	107	330	473	675	191	370	159	723	839	707	159	861	431	505	564	726	445	399	181	931	876	984	718	611	92	626	693	776	206	945	472	762	348	810	350	556	308	183	228	117	595	715	906	197	455	435	424	129	321	303	305	401	69	71	104	63	98	707	686	51	319	787	808	304	174	554	672	908	203	150	415	667	754	160	816	976	202	171	747	296	500	900	871	292	543	64	471	239	814	577	468	640	570	811	498	476	840	641	769	886	808	588	316	501	513	888	967	778	670	986	946	249	350	479	470	532	453	299	361	401	387	820	531	766	569	455	913	754	884
363	293	197	925	970	826	102	234	52	776	282	722	848	67	561	292	573	211	356	544	432	925	285	137	548	107	644	806	473	826	402	487	619	989	826	0	526	379	215	455	441	367	481	896	139	198	923	88	707	436	314	786	326	499	570	672	257	436	262	627	494	855	500	588	416	593	406	859	566	228	668	272	64	130	292	586	524	225	719	123	844	206	469	767	689	800	447	193	221	271	291	655	402	612	424	141	593	923	373	852	653	947	296	115	236	250	378	406	979	84	562	169	700	564	962	295	592	374	54	788	784	436	621	395	102	622	458	797	962	426	103	936	558	230	492	464	725	568	372	914	668	487	351	766	70	379	944	436	244	192	997	421	405	871	357	593	247	907	341	747	892	624	607	63	893	884	130	909	144	265	559	396	865	324	587	559	930	835	975	129	145	88	581	744	596	551	587	130	547	423	83	375	466	923	214	763	349	855	929	287	880	915	144	969	764	68	450	469	407	360	827	54	363	826	528	659	852	90	357	427	849	280	730	676	470	435	188	851	650	127	68	497	643	423	277	842	735	199	601	246	102	696	980	327	821	654	122	525	666	740	343
461	737	417	191	284	868	691	493	967	481	900	254	202	421	394	805	727	441	696	488	952	595	571	474	395	924	878	318	143	605	86	102	347	51	144	526	0	817	187	632	81	368	480	750	904	361	355	642	244	327	134	304	497	803	334	935	477	235	86	367	787	225	574	83	361	515	376	975	764	238	327	912	621	123	458	764	419	791	901	574	986	793	704	210	713	611	803	785	236	988	959	252	760	408	494	330	563	94	721	630	955	901	977	119	813	871	549	51	635	931	667	830	460	516	865	827	512	395	699	974	691	539	445	677	518	437	181	232	301	865	238	946	87	559	645	555	977	650	442	251	134	908	385	340	415	421	806	154	991	850	613	766	334	910	459	768	71	284	228	748	850	565	411	566	303	918	343	653	948	231	530	98	156	620	769	831	947	807	855	685	215	768	628	828	409	425	218	859	166	131	364	226	630	327	987	211	965	330	975	531	755	919	784	457	608	785	433	408	498	532	305	414	415	57	700	567	904	224	483	254	157	682	431	177	349	601	145	412	850	395	348	157	379	885	425	570	447	973	662	774	408	582	408	305	677	477	194	87	586	903	590
933	84	457	938	619	843	488	103	844	914	792	782	557	724	785	793	836	710	956	366	676	818	469	546	734	331	535	344	287	286	606	545	282	522	633	379	817	0	231	259	409	623	274	878	206	317	787	359	609	989	278	337	781	94	524	90	985	967	240	508	56	74	656	890	971	123	255	239	648	636	527	91	848	286	765	271	150	817	126	167	914	814	236	969	767	869	567	653	327	813	601	779	143	265	863	679	993	646	73	488	678	859	665	560	315	289	861	672	90	159	917	279	234	302	84	407	454	165	974	984	812	340	826	242	710	792	432	405	926	131	71	936	412	689	185	382	474	67	404	376	855	350	648	491	500	86	479	998	138	970	197	824	215	665	102	536	793	421	593	179	176	998	191	598	998	203	743	892	607	339	776	845	503	233	212	559	122	878	946	197	422	997	146	520	725	779	282	557	888	769	703	918	198	719	179	850	643	447	818	696	310	290	523	653	461	662	617	793	538	672	579	577	635	715	461	614	764	538	111	72	819	463	217	897	728	109	596	747	448	378	402	931	343	297	445	495	843	342	439	269	113	736	344	615	230	659	824	777	62	979	586
